#
# Graph with 100 nodes. This is the kind of things that we shall use to test the programs
#
# Keep in mind that in a graph like this many times you will get None as a result, as they 
# tend to be very sparse. But hre are some expected results
#
#  dijkstra("cien.dat", 80, 49)
#  [80, 61, 60, 49]
#
#  dijkstra("cien.dat", 90, 30)
#  [90, 81, 30]
#
#  dijkstra("cien.dat", 90, 30)
#  [90, 89, 23, 4] 
#
[(1, 45.999), (2, 89.444), (3, 77.746), (4, 96.935), (5, 38.966), (6, 32.050), (7, 57.038), (8, 87.045), (9, 71.829), (10, 64.004), (11, 89.123), (12, 88.633), (13, 27.336), (14, 25.837), (15, 19.525), (16, 76.802), (17, 43.510), (18, 61.628), (19, 80.207), (20, 88.251), (21, 56.556), (22,  1.725), (23, 15.997), (24, 78.668)]
[(0, 77.957), (2, 82.472), (3, 25.624), (4, 33.801), (5,  2.789), (6, 63.618), (7, 53.119), (8, 88.222), (9, 63.826), (10, 60.925), (11, 94.606), (12, 76.085), (13, 55.879), (14,  2.373), (15, 68.729), (16,  5.027), (17, 17.029), (18, 59.639), (19, 56.012), (20, 42.698), (21, 70.900), (22, 26.412), (23, 45.829), (24, 38.211)]
[(0, 55.117), (1, 46.970), (3, 93.641), (4, 50.529), (5, 20.216), (6, 18.092), (7, 95.441), (8, 52.871), (9, 67.509), (10, 24.610), (11, 34.940), (12, 56.262), (13,  0.219), (14, 25.662), (15, 17.662), (16, 88.443), (17, 48.391), (18, 79.502), (19, 81.049), (20, 28.193), (21, 83.773), (22, 98.353), (23, 50.237), (24, 53.895)]
[(0, 91.821), (1, 97.742), (2, 89.488), (4, 78.304), (5, 19.542), (6, 92.140), (7, 88.312), (8, 48.303), (9, 28.945), (10,  5.508), (11, 56.563), (12, 61.108), (13, 49.978), (14, 19.926), (15, 74.052), (16, 99.830), (17, 74.757), (18, 81.533), (19, 94.630), (20, 60.930), (21, 36.100), (22, 88.823), (23, 35.400), (24, 61.600)]
[(0, 69.263), (1, 65.361), (2, 37.625), (3, 19.865), (5, 69.405), (6, 57.580), (7, 81.686), (8,  2.528), (9, 96.338), (10, 89.332), (11, 90.237), (12, 60.534), (13, 79.625), (14, 36.506), (15, 68.600), (16, 76.153), (17, 23.770), (18, 24.446), (19, 66.570), (20,  2.560), (21, 41.586), (22,  5.753), (23, 99.479), (24, 28.349)]
[(0, 44.716), (1, 95.358), (2, 33.864), (3, 17.350), (4, 46.185), (6,  8.091), (7, 89.600), (8, 44.786), (9, 37.607), (10, 15.542), (11, 32.598), (12,  0.212), (13, 68.479), (14, 89.539), (15, 52.865), (16, 98.548), (17, 64.869), (18, 11.434), (19, 47.685), (20, 42.446), (21,  2.198), (22,  1.053), (23, 89.550), (24,  3.699)]
[(0,  9.731), (1, 46.135), (2, 33.312), (3, 99.246), (4, 22.796), (5, 40.693), (7, 58.436), (8, 41.488), (9,  8.652), (10, 26.481), (11, 57.001), (12, 21.951), (13, 32.607), (14, 85.158), (15, 83.342), (16, 46.967), (17, 75.277), (18,  5.884), (19, 15.476), (20, 39.910), (21, 34.174), (22, 19.709), (23,  1.845), (24, 30.340)]
[(0, 79.087), (1, 56.530), (2, 46.075), (3, 29.502), (4, 33.768), (5, 24.988), (6, 96.772), (8, 37.536), (9, 65.383), (10, 36.662), (11, 55.141), (12, 70.914), (13, 63.003), (14, 91.982), (15,  6.547), (16, 96.457), (17, 52.304), (18,  3.425), (19, 46.117), (20, 41.129), (21, 24.369), (22, 92.368), (23, 70.205), (24, 26.958)]
[(0, 85.824), (1, 31.327), (2, 15.537), (3, 32.018), (4, 31.205), (5, 43.073), (6, 57.692), (7, 70.883), (9, 28.735), (10, 52.803), (11, 76.670), (12, 52.439), (13, 99.129), (14, 83.181), (15, 41.253), (16, 96.398), (17, 75.915), (18, 52.015), (19, 65.786), (20, 60.073), (21, 50.173), (22, 82.115), (23, 86.532), (24, 40.496)]
[(0,  9.678), (1, 39.402), (2, 17.060), (3, 34.148), (4, 55.752), (5, 54.454), (6, 41.038), (7,  7.232), (8,  6.355), (10, 84.316), (11, 24.195), (12, 94.533), (13, 47.759), (14, 55.395), (15, 62.323), (16, 82.227), (17, 18.787), (18, 40.669), (19, 64.012), (20, 83.718), (21, 45.330), (22, 87.225), (23, 54.285), (24, 35.899)]
[(0, 49.049), (1, 29.362), (2, 82.635), (3, 24.593), (4, 78.177), (5, 63.677), (6, 75.587), (7,  6.695), (8, 57.668), (9, 92.765), (11, 18.000), (12, 48.772), (13, 59.642), (14,  1.453), (15, 63.307), (16,  7.727), (17, 79.560), (18, 83.895), (19, 27.561), (20, 84.247), (21, 33.260), (22, 66.017), (23, 45.466), (24, 52.237)]
[(0, 76.099), (1, 74.476), (2, 79.545), (3, 95.964), (4, 46.344), (5, 23.337), (6, 93.453), (7, 23.495), (8, 37.904), (9,  7.266), (10,  4.396), (12, 40.634), (13, 74.074), (14, 43.761), (15, 16.954), (16, 88.488), (17,  1.245), (18, 79.344), (19, 39.856), (20,  5.368), (21, 75.013), (22, 91.235), (23, 93.124), (24, 82.594)]
[(0, 14.591), (1, 12.949), (2, 99.615), (3, 52.667), (4,  7.104), (5, 62.046), (6, 38.491), (7, 29.335), (8, 68.923), (9, 85.110), (10, 32.004), (11, 80.615), (13, 28.928), (14, 77.758), (15, 87.842), (16, 75.402), (17,  3.597), (18, 14.188), (19, 73.206), (20, 37.208), (21, 36.800), (22, 25.211), (23, 49.507), (24, 32.102)]
[(0, 51.793), (1, 53.910), (2, 99.332), (3, 50.595), (4,  1.947), (5, 26.404), (6, 57.645), (7, 25.508), (8, 64.264), (9, 82.034), (10, 13.492), (11, 58.784), (12, 19.265), (14, 64.655), (15, 88.468), (16, 50.129), (17, 62.193), (18,  2.654), (19,  4.654), (20, 15.984), (21, 59.781), (22, 16.345), (23, 92.364), (24, 16.175)]
[(0, 12.802), (1, 61.937), (2, 13.392), (3, 36.698), (4,  4.505), (5,  6.712), (6, 58.960), (7, 84.036), (8, 85.549), (9, 20.611), (10, 19.195), (11, 51.198), (12, 23.110), (13, 57.431), (15, 99.227), (16, 26.210), (17, 87.167), (18, 11.413), (19,  2.557), (20, 38.599), (21, 94.143), (22,  7.328), (23,  0.201), (24, 75.408)]
[(0, 23.991), (1, 19.598), (2, 54.425), (3, 11.302), (4, 62.976), (5, 21.013), (6, 33.352), (7, 77.690), (8, 64.563), (9, 82.259), (10,  7.827), (11, 88.466), (12, 31.881), (13, 53.098), (14, 79.858), (16, 92.984), (17, 75.946), (18, 22.594), (19, 71.445), (20, 22.037), (21, 78.881), (22, 93.604), (23, 22.881), (24, 44.984)]
[(0, 89.112), (1, 48.607), (2,  9.292), (3,  5.529), (4, 14.755), (5, 82.004), (6, 60.387), (7, 10.027), (8, 46.242), (9, 60.289), (10, 96.721), (11, 51.478), (12,  9.419), (13,  7.729), (14, 36.754), (15, 22.373), (17, 21.749), (18, 66.278), (19, 47.712), (20, 95.387), (21, 93.660), (22, 68.723), (23, 50.232), (24, 29.150)]
[(0,  1.398), (1, 89.193), (2, 86.577), (3, 55.016), (4, 48.523), (5,  4.023), (6, 86.271), (7, 80.108), (8, 20.484), (9, 37.836), (10, 40.931), (11, 92.620), (12, 32.372), (13, 52.637), (14, 81.370), (15, 29.931), (16, 14.619), (18,  1.502), (19, 64.345), (20, 52.497), (21, 91.538), (22, 57.489), (23, 53.130), (24,  7.363)]
[(0, 97.687), (1, 91.242), (2,  8.950), (3, 50.080), (4, 81.127), (5, 65.257), (6, 34.724), (7, 83.025), (8, 95.702), (9,  8.383), (10, 87.007), (11, 56.066), (12, 62.144), (13, 76.818), (14, 58.410), (15, 75.260), (16, 22.421), (17, 90.296), (19, 83.574), (20, 70.685), (21, 48.012), (22, 49.595), (23, 32.672), (24, 23.260)]
[(0, 22.910), (1, 93.406), (2, 48.177), (3, 85.930), (4,  9.150), (5, 11.719), (6, 60.609), (7, 23.082), (8, 31.489), (9, 57.712), (10, 53.176), (11, 61.605), (12, 80.598), (13, 45.884), (14, 91.476), (15, 53.247), (16, 40.589), (17, 88.420), (18, 33.393), (20, 75.604), (21, 61.800), (22, 38.078), (23, 78.044), (24, 57.788)]
[(0, 48.901), (1, 33.688), (2, 65.989), (3, 39.818), (4, 45.975), (5, 32.434), (6, 10.636), (7, 76.592), (8, 92.456), (9, 63.998), (10, 51.057), (11,  7.458), (12, 49.453), (13, 98.566), (14, 45.283), (15, 64.599), (16, 15.127), (17, 60.492), (18, 37.849), (19, 16.781), (21, 91.984), (22, 27.724), (23, 80.903), (24,  9.783)]
[(0, 72.732), (1, 11.321), (2, 79.514), (3, 51.328), (4,  2.223), (5, 90.015), (6, 15.654), (7, 46.921), (8, 80.021), (9, 84.942), (10, 10.455), (11,  5.334), (12, 90.751), (13, 46.791), (14, 62.200), (15, 54.094), (16, 18.327), (17, 34.342), (18,  0.155), (19, 24.636), (20, 80.764), (22, 51.992), (23, 78.902), (24, 82.370)]
[(0, 99.052), (1, 52.502), (2, 19.662), (3, 20.513), (4, 89.578), (5, 26.131), (6, 56.295), (7, 49.733), (8, 93.345), (9, 21.267), (10, 11.180), (11, 85.025), (12, 24.458), (13,  6.683), (14, 97.251), (15, 67.170), (16, 28.257), (17, 44.894), (18, 37.976), (19, 61.605), (20, 44.066), (21, 78.714), (23, 97.263), (24, 30.747)]
[(0, 47.054), (1,  5.772), (2, 64.386), (3,  4.043), (4, 92.740), (5, 31.445), (6, 10.056), (7, 23.205), (8, 31.819), (9, 84.388), (10, 97.907), (11, 83.370), (12,  5.649), (13, 68.108), (14, 85.190), (15, 44.094), (16,  0.255), (17, 70.022), (18, 85.383), (19, 30.732), (20, 82.889), (21, 16.221), (22,  1.286), (24, 61.023)]
[(0, 26.337), (1, 58.883), (2, 27.824), (3, 23.765), (4, 46.422), (5, 75.606), (6,  0.465), (7, 66.791), (8, 65.222), (9, 37.132), (10, 13.310), (11,  5.944), (12, 53.857), (13,  9.922), (14, 22.594), (15, 71.265), (16, 81.803), (17, 57.055), (18, 51.044), (19, 95.988), (20, 81.359), (21, 55.427), (22,  5.138), (23, 27.529)]
[(8, 87.509), (9,  1.558), (14, 16.374), (1,  5.569), (18, 10.997), (10, 77.902), (19, 23.004), (3, 70.569), (6, 71.430), (4, 30.285), (23, 10.164), (11, 78.633), (13, 54.789), (16, 24.202), (2, 47.506), (21,  5.247)]
[(24, 20.286), (1, 32.918), (23, 20.856), (13, 86.168), (4, 92.089), (11, 18.599), (7,  1.688), (10, 42.202), (6, 93.189), (9, 29.633), (18, 66.055), (22, 39.580), (17, 59.735), (19, 55.525), (2, 88.117)]
[(19, 88.419), (24, 88.604), (7, 25.919), (12, 76.313), (16, 68.845), (8, 90.401), (4, 14.871), (13, 74.859), (2, 74.598), (23, 97.071), (3, 75.732), (26, 51.620), (14, 62.682), (0, 51.890), (20, 29.480)]
[(23, 89.525), (1, 91.226), (22, 52.489), (12, 89.226), (10, 45.807), (27, 77.595), (11,  7.431), (15, 86.759), (25, 54.209), (0, 31.309), (24, 25.863), (17, 62.195), (4, 17.329), (14, 35.745), (2, 49.029), (19, 89.655), (20, 81.594), (26, 21.627)]
[(11, 57.009), (22, 57.766), (20, 36.897), (2, 15.522), (0, 14.538), (13,  4.551), (12, 89.127), (21, 62.029), (9, 24.984), (19, 83.749), (8, 71.703), (6, 86.630), (16, 39.166), (10, 45.905), (25, 36.820), (28, 20.318), (15, 49.816), (7, 96.335)]
[(7, 22.394), (10, 18.837), (29, 69.712), (18,  3.154), (4, 68.819), (2, 61.777), (3, 42.509), (1, 96.942), (12, 52.185), (15, 65.032), (17, 83.348), (9,  9.065), (22, 40.829), (28, 94.059), (0, 93.649), (14, 30.871), (24, 91.322), (13, 32.018)]
[(7,  0.812), (13,  3.835), (6, 31.377), (23, 70.459), (12, 12.007), (19, 33.367), (9, 81.794), (10, 62.111), (20, 68.548), (30, 85.777), (5, 44.779), (0, 41.384), (16, 56.582), (22, 83.491), (17, 62.422), (8, 25.219)]
[(22, 13.918), (8, 14.429), (11, 40.277), (31, 35.278), (12,  4.450), (6, 56.530), (7, 90.191), (2, 68.623), (26, 81.883), (17,  4.218), (16, 44.267), (3, 21.614), (0,  6.885), (5, 39.955), (15, 45.316), (25, 49.320)]
[(17, 15.760), (24, 26.412), (22, 59.748), (0, 82.276), (11, 41.628), (9,  5.738), (2, 92.388), (1, 19.970), (30, 61.030), (20, 41.757), (3, 30.652), (26, 18.429), (18, 27.113), (32, 44.385), (6, 78.211), (15, 66.026), (4, 24.470), (28, 12.477)]
[(20, 87.136), (2, 86.882), (11, 69.879), (33,  4.125), (3, 58.479), (12, 78.315), (23, 36.018), (29, 39.702), (17, 43.758), (24, 33.758), (9, 61.820), (1, 42.230), (15, 50.607), (0, 76.558)]
[(29, 66.639), (33, 22.828), (7, 20.727), (6,  8.284), (5, 12.106), (31, 53.505), (23, 44.049), (12, 71.478), (34, 21.276), (16, 66.476), (9,  8.329), (13,  7.824), (1,  0.313), (4, 78.135), (28, 95.816), (0, 53.111), (11, 33.011), (20, 43.238), (22, 53.924)]
[(35, 44.196), (7, 75.280), (2, 95.202), (3, 26.588), (9, 50.200), (0, 48.060), (5, 52.324), (10, 98.760), (22, 72.185), (34, 37.946), (17, 46.446), (6, 13.024), (18, 91.015), (33, 44.461), (13, 65.418), (32, 89.975), (25, 46.141), (14, 88.581)]
[(13, 83.524), (11, 66.212), (1, 35.419), (36, 55.576), (22,  6.564), (26,  8.801), (18, 96.483), (5, 14.686), (21, 59.763), (4, 38.419), (19, 73.631), (14, 63.729), (2, 14.124), (3,  9.152), (31, 40.151), (12, 66.461), (29, 68.694)]
[(37, 30.272), (24, 26.373), (1, 40.674), (23, 40.410), (13, 24.820), (15, 90.990), (26, 45.594), (16, 34.371), (36, 17.129), (5, 53.164), (19,  4.173), (4, 67.472), (2, 49.245)]
[(26, 51.116), (6, 65.018), (32, 74.870), (38, 18.167), (29, 28.784), (20, 24.921), (27, 65.200), (34, 60.255), (14, 24.946), (19, 93.244), (18, 67.827), (30, 45.885), (11, 91.484), (22, 76.861), (5,  8.445), (0, 34.983)]
[(27, 16.231), (39, 23.867), (7, 18.062), (37, 42.379), (26, 32.709), (13, 57.948), (16, 26.685), (11, 43.691), (6,  2.008), (5, 98.758), (10,  2.141), (3, 71.464), (17,  6.980), (21, 29.562), (4,  8.614), (1, 18.198), (32, 71.953), (9, 81.044), (29,  8.467)]
[(16, 71.627), (23, 47.443), (24, 93.088), (40, 60.279), (6, 62.728), (19,  3.643), (14, 25.443), (7, 27.207), (20, 78.321), (15, 15.068), (33, 28.031), (36, 91.493), (0, 25.111), (5, 36.616), (21, 22.487)]
[(28, 57.998), (27, 13.259), (0,  1.331), (5, 31.592), (22, 93.003), (40, 71.759), (31, 70.524), (29,  4.044), (21, 10.179), (36, 79.677), (41, 39.475), (20, 38.589), (8, 47.701), (17, 30.020), (15, 68.245)]
[(42, 18.448), (40, 83.274), (36, 24.945), (35, 12.725), (27, 48.680), (22, 46.116), (4, 90.843), (31, 10.162), (3, 50.588), (1,  7.550), (28, 61.312), (39, 27.712), (15, 48.566), (18, 29.930), (6, 15.198)]
[(18, 90.377), (14, 15.093), (19, 54.288), (43, 55.378), (31, 33.409), (6, 84.450), (41, 32.068), (2, 78.863), (13, 50.838), (29, 66.893), (37, 66.925), (11, 57.826), (40, 61.105), (1, 48.928), (12, 18.131), (32, 79.260), (30, 60.916)]
[(4, 48.668), (18, 59.203), (16, 69.569), (43, 62.745), (8,  7.598), (14, 50.600), (32, 61.823), (13, 13.412), (44, 15.125), (27, 94.202), (5, 52.572), (41, 37.435), (42, 76.775), (1, 92.481), (35, 12.966)]
[(24, 36.116), (41, 57.202), (45, 15.647), (12, 91.823), (27, 64.847), (16, 48.829), (19, 34.486), (32, 60.530), (23, 89.304), (1, 11.920), (7, 26.009), (20, 81.118), (44, 94.173), (43, 66.000), (3, 33.958), (8, 59.528), (33, 30.801), (11, 88.393), (2, 59.161), (5, 87.541), (25, 45.308)]
[(13, 39.154), (36, 77.143), (26, 28.182), (42, 96.516), (11, 59.626), (46, 89.574), (37, 43.612), (10, 80.375), (40, 90.286), (38, 76.148), (29, 24.450), (44, 59.919), (33, 39.636), (18, 64.669), (4, 11.257), (7, 93.989), (20, 98.878), (16, 83.410), (5, 48.444)]
[(20, 54.717), (3, 97.214), (15, 20.825), (26, 15.725), (14, 50.499), (47, 56.432), (30, 90.001), (7, 88.753), (25, 30.519), (9, 26.983), (19, 35.525), (1, 60.275), (24, 95.278), (39, 67.744), (8, 29.782), (18, 17.912), (12,  6.482), (35, 61.827)]
[(10, 47.900), (38,  7.611), (20, 76.608), (41, 58.573), (31,  3.639), (19, 53.675), (4, 36.720), (23, 42.814), (48, 16.309), (5, 12.725), (26,  1.938), (8, 85.712), (24, 78.031), (13, 77.920), (0, 94.993), (12, 80.350), (34, 37.740), (33,  2.367), (2, 54.696)]
[(0, 89.331), (28, 49.681), (26, 27.007), (49, 81.733), (15, 60.365), (4, 88.451), (34,  5.421), (10, 39.716), (23,  2.572), (11, 37.996), (29, 76.845), (7, 85.617), (32, 51.363), (42, 97.635), (13, 43.528), (31, 56.262), (18, 24.157)]
[(37, 95.277), (38, 62.537), (43, 57.698), (50, 77.636), (41, 13.656), (31, 51.329), (21, 90.434), (24, 16.435), (17,  8.090), (12, 76.439), (34, 33.794), (4, 35.364), (22, 71.538), (9, 74.407), (46, 94.600), (13, 19.107), (0, 71.031), (33, 68.038)]
[(1, 40.016), (51, 13.287), (10, 84.643), (27,  3.580), (34, 70.920), (21, 69.638), (9, 20.179), (23, 21.151), (29, 91.044), (20, 86.545), (46, 78.212), (13, 79.377), (24, 24.339), (16, 39.504), (30, 24.798), (5, 89.390), (50, 48.129), (18, 35.169)]
[(16, 18.768), (26, 82.332), (21, 55.214), (17, 56.745), (7, 40.447), (1, 59.418), (8, 89.773), (36, 63.823), (19,  8.188), (27, 74.968), (11, 31.389), (33, 12.633), (39, 37.750), (15, 87.720), (22, 58.261), (31, 28.591), (12, 93.251), (2, 68.554)]
[(42, 86.502), (53,  6.578), (33, 24.302), (36, 27.598), (47, 71.483), (21, 16.268), (3, 99.510), (24, 42.272), (31, 17.949), (11, 90.308), (12, 44.738), (9, 38.776), (6, 72.112), (30, 51.975), (51, 18.095), (32, 53.241), (41, 37.188), (5, 24.077)]
[(13,  4.553), (54, 56.995), (22,  5.309), (3, 68.401), (12, 62.246), (39, 42.559), (47, 62.061), (48,  0.262), (38, 70.155), (1, 40.809), (18, 82.890), (44, 40.351), (0, 89.477), (51, 43.754), (27, 97.634), (2, 88.543), (33, 76.141), (52, 34.337)]
[(12,  8.963), (54, 42.190), (29, 91.577), (2, 46.385), (13, 71.560), (10, 59.175), (55, 86.653), (15, 32.309), (40, 93.729), (19, 53.529), (5, 74.947), (6, 33.460), (33, 93.521), (32, 29.872), (3,  5.335), (1, 22.108), (23, 87.532)]
[(33, 31.725), (55, 88.652), (56, 12.932), (40, 72.053), (4, 29.505), (2, 87.346), (36, 27.829), (31, 67.563), (28, 51.188), (42, 23.049), (48, 54.806), (35, 63.982), (38, 45.256), (21, 55.903), (8, 40.423), (23,  2.954)]
[(11, 40.850), (21, 70.081), (54, 72.205), (25,  7.444), (57, 37.107), (56, 81.222), (0, 96.696), (10, 32.668), (5, 79.145), (6, 33.042), (55, 27.415), (3, 46.958), (41, 23.161), (22, 36.031), (42,  9.665), (17, 79.678), (14, 39.633)]
[(28, 73.678), (56, 40.092), (33, 25.438), (18, 88.252), (27, 43.321), (21, 31.917), (42, 73.941), (58, 10.380), (13, 56.659), (32, 46.903), (53, 94.249), (22, 45.336), (2, 49.039), (9, 65.030), (41, 98.453), (36, 57.262), (23, 53.947), (12, 43.756), (49, 63.416)]
[(46, 53.432), (26, 28.198), (59, 51.627), (17, 93.419), (25, 95.719), (13, 24.496), (23, 81.527), (8, 12.836), (7,  9.253), (6, 48.584), (3, 31.242), (32, 93.495), (41,  3.389), (37, 93.206), (49, 83.820), (58, 84.819), (51, 53.725)]
[(60, 38.069), (44, 70.519), (38, 96.947), (35, 50.514), (42, 26.646), (0, 53.099), (3,  3.611), (22, 48.950), (37, 96.014), (56,  7.197), (33, 60.515), (1,  0.231), (55, 12.440), (30, 24.513), (20, 96.371), (4, 17.350), (11, 16.135)]
[(61, 58.490), (13, 49.369), (33, 97.483), (42, 82.284), (53, 85.979), (37, 73.606), (8, 97.547), (46, 51.474), (2, 89.540), (23,  3.057), (14, 57.417), (54, 93.844), (19, 81.811), (35, 64.253), (49, 77.964), (6, 37.928), (21, 61.159), (10, 13.953), (15, 17.727)]
[(2, 59.644), (62, 49.319), (42, 51.311), (50, 60.231), (46, 63.996), (25, 95.120), (5, 32.652), (7, 85.465), (57, 23.070), (13,  3.752), (17,  4.041), (48, 21.661), (51, 30.815), (61,  4.698), (41, 46.752), (55,  4.445), (4,  3.915), (16,  4.045), (20, 79.239)]
[(48, 21.019), (39, 46.185), (27, 47.982), (47, 72.521), (30,  3.703), (63, 83.029), (28,  0.486), (37, 78.722), (26, 36.743), (34, 17.188), (56, 41.270), (5, 59.006), (1,  4.149), (12, 82.859), (62, 80.673), (33, 91.563), (3, 20.796), (7, 31.091), (36,  9.947), (29, 30.311), (21, 51.558)]
[(3, 49.849), (52,  0.457), (54, 95.729), (34, 50.341), (14, 97.300), (11, 73.351), (64, 34.553), (47, 10.764), (38, 92.090), (27,  7.621), (40,  2.295), (12, 71.098), (20, 43.484), (19, 44.770), (31, 44.908), (43, 65.969), (46,  3.860), (44, 59.064)]
[(39, 97.029), (12, 13.314), (63, 36.246), (33, 68.535), (5, 94.497), (60, 17.514), (65, 71.131), (40,  0.691), (22, 93.495), (14,  7.298), (43, 15.759), (15, 92.516), (50, 13.095), (18, 10.715), (26, 14.361), (62, 17.257), (0,  6.542), (35, 16.498), (25, 10.838)]
[(22, 98.117), (5, 34.483), (0, 78.779), (45,  6.524), (66, 77.022), (18, 64.035), (65, 72.239), (29, 42.524), (54, 96.496), (7, 27.846), (33, 84.399), (1, 54.232), (40,  5.175), (24, 50.457), (27, 92.846), (16, 75.434), (6, 35.963), (28,  2.024), (15, 18.102)]
[(40, 88.551), (67, 30.659), (11, 62.045), (46, 37.686), (45, 38.895), (2, 74.836), (10,  4.976), (63, 79.297), (62, 80.227), (9, 60.622), (39, 65.927), (29, 58.684), (58, 11.539), (31, 65.878), (12, 31.258), (21, 43.855), (24, 29.639), (50,  0.193), (7, 54.162)]
[(8, 13.064), (53, 95.361), (68, 41.398), (35, 76.719), (7, 77.048), (45, 62.524), (20, 67.922), (48, 73.281), (11, 51.093), (30, 22.846), (3,  8.002), (22, 71.958), (2, 89.574), (54, 95.327), (56, 20.911), (0, 20.161)]
[(16, 17.463), (22, 24.390), (51, 89.897), (15, 12.863), (38, 45.125), (36, 25.027), (5, 62.126), (8,  9.232), (23, 27.195), (45, 51.470), (50,  3.564), (69, 18.736), (10, 16.913), (63, 46.419), (33, 14.227), (59, 51.881), (44, 65.719), (64, 82.516), (9, 34.831)]
[(70, 55.105), (67, 10.978), (33, 28.315), (51, 20.382), (58, 14.166), (11, 68.179), (0, 73.662), (66,  5.233), (29, 93.591), (21, 74.962), (52,  0.271), (4, 50.105), (1, 43.571)]
[(1, 46.929), (42, 96.022), (45, 81.801), (71, 15.449), (64, 20.811), (36, 97.668), (38, 37.315), (27, 62.648), (30, 64.904), (46, 85.997), (17, 80.380), (70, 29.266), (69, 86.857), (2, 93.849), (8, 28.711), (20,  2.943), (10, 68.051), (59, 60.822), (49, 42.043), (24, 31.478)]
[(1, 27.775), (35, 47.965), (16, 82.179), (72, 35.318), (42,  3.285), (37, 27.144), (66, 11.527), (56,  1.477), (63, 13.954), (28, 31.593), (61, 29.487), (64, 14.982), (12, 51.511), (3, 66.430), (58, 12.918), (27, 89.316), (21, 43.510)]
[(73, 36.322), (28,  6.345), (17, 38.323), (62, 17.783), (27, 20.030), (10, 21.555), (4, 15.932), (11, 52.530), (56, 80.280), (13, 48.038), (37, 23.645), (24, 63.906), (0, 78.764), (16, 12.966), (19, 29.102), (21, 49.079), (14, 82.802)]
[(49, 50.769), (70, 32.917), (74, 49.468), (1, 14.458), (22,  0.055), (60, 82.276), (16, 92.901), (28, 40.231), (58, 63.412), (11, 68.210), (33, 52.943), (13, 95.974), (5, 12.303), (24, 41.825), (27, 40.613), (48, 20.512)]
[(63, 71.237), (36, 47.485), (11, 88.780), (18, 49.728), (54, 67.032), (23, 80.587), (75,  7.204), (65, 76.990), (27, 35.002), (45, 79.031), (7, 16.946), (1, 46.330), (46, 73.579), (13, 31.409), (20, 79.269), (74, 81.194), (72, 81.347), (70, 89.126), (33, 64.173)]
[(74, 72.170), (11, 94.250), (76, 27.427), (38, 68.302), (20, 32.521), (60, 40.841), (9, 34.828), (51, 13.966), (4, 26.525), (41, 35.510), (65,  0.909), (23, 48.756), (6, 15.909), (14, 89.484), (21, 21.293), (18, 53.325), (31, 85.491)]
[(22, 64.818), (0, 83.767), (52, 24.380), (57, 77.635), (54, 50.545), (60, 22.377), (2, 94.041), (34, 14.674), (67, 15.258), (63, 87.020), (50,  2.191), (62, 32.443), (49, 48.852), (37, 76.101), (8, 34.386), (76, 71.320), (58, 71.537), (70, 19.570), (5, 49.756), (44, 83.326), (31,  0.760)]
[(7, 10.042), (78, 42.531), (43, 27.163), (13, 55.406), (35, 53.418), (55, 95.935), (75, 57.321), (15, 76.934), (17, 68.737), (27, 49.287), (14, 98.424), (11, 58.566), (16, 66.618), (51, 74.153), (65, 46.418), (59, 21.271), (57, 27.085), (62, 46.242), (46, 66.017), (66, 89.911), (1, 10.155)]
[(59, 96.576), (11, 92.122), (55, 81.214), (30, 58.627), (58, 73.339), (66, 93.233), (24,  7.880), (18, 11.632), (61, 39.215), (40, 60.130), (56, 15.163), (79, 56.101), (21, 80.127), (31, 15.974), (46, 17.423), (16,  2.029), (9, 91.120), (62, 86.051), (23, 96.479)]
[(47, 41.032), (37, 51.228), (24,  4.926), (13, 52.619), (6, 42.811), (80, 41.480), (66, 95.387), (12, 69.383), (30, 94.153), (71, 30.447), (4, 42.854), (14, 12.948), (50, 67.374), (72, 38.072), (63, 88.416), (3,  6.574), (16, 16.309), (35, 11.729)]
[(9, 24.578), (4, 98.687), (50, 42.760), (64, 27.278), (27, 45.368), (35, 55.544), (81, 11.534), (76, 90.438), (24, 42.030), (61, 91.889), (25, 16.895), (71, 45.609), (65, 46.263), (36, 92.983), (75, 84.939), (17, 71.726), (63, 13.549)]
[(19, 73.269), (31, 52.750), (54, 51.574), (82, 52.904), (20, 57.214), (13, 31.177), (22, 13.074), (43, 83.641), (9, 64.016), (73, 94.803), (14, 92.726), (68, 22.783), (39, 69.233), (10, 51.429), (12, 41.374), (78, 81.688), (24, 61.396)]
[(53, 89.803), (60, 61.941), (44, 91.982), (69, 26.418), (3, 68.058), (71, 21.341), (19, 92.076), (22, 12.896), (83, 70.844), (4, 68.496), (21, 42.119), (5, 93.219), (35, 93.087), (27, 38.170), (40, 54.617), (79, 28.485), (38, 58.293), (59, 36.257)]
[(26,  8.612), (56, 80.850), (34, 32.795), (3, 51.375), (16, 49.436), (32, 61.502), (84,  7.023), (38, 32.080), (74, 18.356), (8, 54.821), (59, 27.371), (6, 18.284), (28, 18.138), (70, 33.733), (48, 61.914), (52, 90.034)]
[(81, 33.313), (85, 90.733), (64, 50.114), (34,  1.363), (25, 38.578), (62, 43.759), (36, 64.681), (74, 43.243), (0, 96.901), (49, 85.415), (26, 70.228), (76, 98.820), (69, 38.548), (8, 44.200), (79, 19.479), (28, 84.626), (14, 28.798)]
[(12, 66.758), (14, 44.802), (24, 82.827), (46, 15.607), (84, 82.672), (21, 11.125), (86, 85.942), (11,  7.418), (13, 66.684), (42, 68.570), (85, 76.371), (15, 50.111), (17, 93.501), (3, 28.157), (40, 22.952), (5, 55.288), (74, 16.985), (69, 77.560), (2,  2.951)]
[(51, 57.943), (87, 76.650), (62, 96.764), (53, 17.131), (56, 28.567), (5, 68.873), (70, 87.861), (66, 47.912), (11, 39.998), (21, 27.839), (45,  5.595), (57, 79.147), (36, 84.714), (2, 42.656), (85, 17.024), (64, 30.843), (80, 58.333), (50, 15.487), (79, 46.512)]
[(20, 23.077), (88, 40.633), (12, 87.727), (19, 90.908), (13, 88.512), (36,  9.604), (52, 52.519), (68, 12.163), (82, 85.303), (37, 22.861), (10, 52.119), (6, 14.504), (2, 20.147), (16, 53.291), (23,  5.552)]
[(5, 61.043), (20, 71.915), (6, 85.658), (67, 61.647), (7, 74.690), (10, 73.049), (1, 55.872), (2, 69.969), (69, 67.510), (87, 91.807), (9, 62.840), (81, 42.056), (89,  3.239), (0, 77.108), (8, 63.856), (65, 13.668), (18, 33.187), (55, 98.714), (22, 34.013), (50, 63.346), (53, 59.440), (78, 29.129)]
[(90, 44.338), (4, 43.620), (12, 25.104), (80, 62.332), (75, 67.596), (9, 39.265), (37, 25.620), (67, 80.615), (29, 53.324), (70, 77.599), (44, 18.277), (14, 65.334), (15, 27.900), (58, 92.917), (76,  7.498), (77, 90.761), (36, 83.758)]
[(77, 97.228), (13, 29.685), (91, 43.534), (24, 19.224), (39,  7.164), (41,  5.955), (63,  2.072), (7,  1.345), (27, 75.132), (69, 49.702), (12, 14.156), (76, 86.052), (46, 40.034), (48, 39.609), (73, 63.626), (28, 28.487), (51, 67.233), (50, 84.787)]
[(66, 99.132), (81, 56.144), (3, 72.537), (92, 59.404), (1, 44.068), (5, 56.677), (40, 56.277), (8, 81.900), (45,  5.859), (55, 96.637), (26, 36.981), (49, 33.594), (20, 58.505), (61,  7.164), (46, 33.827), (15, 82.744), (17, 90.957), (16, 55.700), (27, 44.000), (14, 84.154), (78, 34.367)]
[(93, 14.290), (31,  8.785), (23, 36.066), (7, 66.952), (4, 63.656), (79, 44.012), (18, 23.847), (63,  4.990), (16, 77.393), (5, 40.765), (29, 43.453), (19, 63.416), (21, 76.766), (27, 58.741), (70, 19.229), (24, 65.376), (62, 21.766), (13, 90.118)]
[(13, 33.487), (94, 90.835), (49, 83.136), (2,  2.962), (5, 19.695), (56,  9.071), (66, 23.935), (84, 68.425), (79, 93.362), (92, 73.226), (70, 90.567), (82, 12.148), (10, 85.417), (55, 96.527), (74, 73.093), (40, 23.689), (54, 52.001), (21, 71.453), (4, 71.070), (63, 19.723), (67, 14.911)]
[(95, 31.359), (75, 83.871), (37, 51.509), (82, 58.011), (59, 24.906), (7, 98.915), (36, 69.521), (87, 36.662), (43,  4.966), (51,  4.515), (30, 53.072), (16,  4.772), (19, 94.182), (68, 83.380), (42,  2.100), (38, 19.612), (1, 31.882), (54, 68.955), (14, 21.730), (74, 94.966)]
[(17, 80.975), (67,  3.229), (72, 16.226), (35, 30.322), (60, 12.874), (96, 52.105), (75, 57.139), (6, 89.907), (89, 80.039), (48, 37.311), (19, 56.158), (61, 73.164), (54, 29.242), (32, 26.300), (16, 30.718), (36, 27.239), (39, 35.841), (78, 90.264), (73, 25.313), (34, 93.404)]
[(17, 10.035), (63, 44.891), (1, 34.278), (97, 77.248), (90, 50.325), (5, 93.095), (57, 22.950), (20, 11.973), (60, 65.444), (36, 15.703), (6, 33.562), (8, 88.947), (3, 50.459), (76, 67.004), (18,  8.866), (16, 34.149), (29, 68.971), (64, 32.789), (84,  6.138), (45, 94.534), (81, 80.341)]
[(68, 66.838), (12, 18.710), (35, 37.160), (6, 72.139), (13, 69.696), (98, 73.209), (31, 15.013), (64, 54.935), (53, 98.434), (43, 22.323), (33, 70.066), (24, 97.347), (94, 34.110), (27, 20.027), (21, 23.928), (20, 82.123), (91, 54.277), (46, 39.191), (60, 79.950), (4, 42.802), (37, 59.840), (40, 38.828)]
